vecs
[1,1,1,1], //0
[1,1,-1,1], //1
[1,-1,1,1], //2
[1,-1,-1,1], //3
[-1,1,1,1], //4
[-1,1,-1,1], //5
[-1,-1,1,1], //6
[-1,-1,-1,1], //7
[-2,-1,2,1], //8
[2,-1,2,1], //9
[2,-1,-2,1], //10
[-2,-1,-2,1], //11

tris v1,v2,v3
[[0, 2, 1], [0, 6, 1]],
[[0, 1, 4], [1, 2, 4]],
[[0, 6, 2], [3, 12, 0]],
[[0, 4, 6], [4, 5, 3]],
[[1, 2, 3], [6, 7, 8]],
[[1, 3, 7], [8, 9, 11]],
[[1, 5, 4], [10, 15, 2]],
[[1, 7, 5], [11, 17, 10]],
[[2, 6, 3], [12, 13, 7]],
[[3, 6, 7], [13, 14, 9]],
[[4, 5, 6], [15, 16, 5]],
[[5, 7, 6], [17, 14, 16]],
[[8, 9, 11], [18, 19]], 
[[9, 10, 11], [20, 21, 19]]

edges v1,v2,t1,t2
[0, 2, 0, 2],
[0, 1, 1, 0],
[1, 4, 1, 6],
[0, 6, 2, 3],
[0, 4, 3, 1],
[4, 6, 3, 10],
[1, 2, 4, 0],
[2, 3, 4, 8],
[1, 3, 5, 4],
[3, 7, 5, 9],
[1, 5, 6, 7],
[1, 7, 7, 5],
[2, 6, 8, 2],
[3, 6, 9, 8],
[6, 7, 9, 11],
[4, 5, 10, 6],
[5, 6, 10, 11],
[5, 7, 11, 7],
[8, 9, 12, -1],
[9, 11, 12, 13],
[9, 10, 13, -1],
[10, 11, 13, -1]